%YAML:1.0
---
PoseState: !!opencv-matrix
   rows: 4
   cols: 4
   dt: f
   data: [ -1.07214071e-01, -9.41860080e-01, 3.18441123e-01,
       -2.30876617e+02, -9.67288196e-01, 2.47490313e-02, -2.52469867e-01,
       1.19850708e+03, 2.29910165e-01, -3.35092664e-01, -9.13703561e-01,
       7.40487854e+02, 0., 0., 0., 1. ]
